#################################################################################################################
#### This File specify the maximum allowed power per channel per country according to its standard: ETSI/FCC ####
#### FORMAT: Frequency(Channel,EIRP_MAX_PWR)                                                                 ####
#################################################################################################################
###############################################################################################################################################################################################################################################
#    Format Example:
#    [country_code (country)regulatory_domain]
#    2.4GHz/20MHz: 2412(1,EIRP_MAX_PWR) 2417(2,EIRP_MAX_PWR) 2422(3,EIRP_MAX_PWR) 2427(4,EIRP_MAX_PWR) 2432(5,EIRP_MAX_PWR) 2437(6,EIRP_MAX_PWR) 2442(7,EIRP_MAX_PWR) 2447(8,EIRP_MAX_PWR) 2452(9,EIRP_MAX_PWR) 2457(10,EIRP_MAX_PWR)
#				   2462(11,EIRP_MAX_PWR) 2467(12,EIRP_MAX_PWR) 2472(13,EIRP_MAX_PWR) 2484(14,EIRP_MAX_PWR)
#    5.2GHz/20MHz: 5180(36,EIRP_MAX_PWR) 5200(40,EIRP_MAX_PWR) 5220(44,EIRP_MAX_PWR) 5240(48,EIRP_MAX_PWR) 5260(52,EIRP_MAX_PWR) 5280(56,EIRP_MAX_PWR) 5300(60,EIRP_MAX_PWR) 5320(64,EIRP_MAX_PWR) 5500(100,EIRP_MAX_PWR)
#                  5520(104,EIRP_MAX_PWR) 5540(108,EIRP_MAX_PWR) 5560(112,EIRP_MAX_PWR) 5580(116,EIRP_MAX_PWR) 5600(120,EIRP_MAX_PWR) 5620(124,EIRP_MAX_PWR) 5640(128,EIRP_MAX_PWR) 5660(132,EIRP_MAX_PWR) 5680(136,EIRP_MAX_PWR)
#                  5700(140,EIRP_MAX_PWR) 5745(149,EIRP_MAX_PWR) 5765(153,EIRP_MAX_PWR) 5785(157,EIRP_MAX_PWR) 5805(161,EIRP_MAX_PWR)
#    6GHz/20MHz: 5945(1,EIRP_MAX_PWR) 5965(2,EIRP_MAX_PWR) 5985(3,EIRP_MAX_PWR) 6005(4,EIRP_MAX_PWR) 6025(5,EIRP_MAX_PWR) 6045(6,EIRP_MAX_PWR) 6065(7,EIRP_MAX_PWR) 6085(8,EIRP_MAX_PWR) 6105(9,EIRP_MAX_PWR) 6125(10,EIRP_MAX_PWR)
#				   6145(11,EIRP_MAX_PWR) 6165(12,EIRP_MAX_PWR) 6185(13,EIRP_MAX_PWR) 6205(14,EIRP_MAX_PWR)
###############################################################################################################################################################################################################################################
[US (United States)FCC]
2.4GHz/20MHz: 2412(1,30) 2417(2,30) 2422(3,30) 2427(4,30) 2432(5,30) 2437(6,30) 2442(7,30) 2447(8,30) 2452(9,30) 2457(10,30) 2462(11,30)
2.4GHz/40MHz: 2412(1,30) 2417(2,30) 2422(3,30) 2427(4,30) 2432(5,30) 2437(6,30) 2442(7,30) 2447(8,30) 2452(9,30) 2457(10,30) 2462(11,30)
5.2GHz/20MHz: 5180(36,23) 5200(40,23) 5220(44,23) 5240(48,23) 5260(52,23) 5280(56,23) 5300(60,23) 5320(64,23) 5500(100,30) 5520(104,30) 5540(108,30) 5560(112,30) 5580(116,30) 5600(120,30) 5620(124,30) 5640(128,30) 5660(132,30) 5680(136,30) 5700(140,30) 5720(144,30) 5745(149,30) 5765(153,30) 5785(157,30) 5805(161,30) 5825(165,30) 5845(169,30) 5865(173,30) 5885(177,30)
5.2GHz/40MHz: 5180(36,23) 5200(40,23) 5220(44,23) 5240(48,23) 5260(52,23) 5280(56,23) 5300(60,23) 5320(64,23) 5500(100,30) 5520(104,30) 5540(108,30) 5560(112,30) 5580(116,30) 5600(120,30) 5620(124,30) 5640(128,30) 5660(132,30) 5680(136,30) 5700(140,30) 5720(144,30) 5745(149,30) 5765(153,30) 5785(157,30) 5805(161,30) 5825(165,30) 5845(169,30) 5865(173,30) 5885(177,30)
5.2GHz/80MHz: 5180(36,23) 5200(40,23) 5220(44,23) 5240(48,23) 5260(52,23) 5280(56,23) 5300(60,23) 5320(64,23) 5500(100,30) 5520(104,30) 5540(108,30) 5560(112,30) 5580(116,30) 5600(120,30) 5620(124,30) 5640(128,30) 5660(132,30) 5680(136,30) 5700(140,30) 5720(144,30) 5745(149,30) 5765(153,30) 5785(157,30) 5805(161,30) 5825(165,30) 5845(169,30) 5865(173,30) 5885(177,30)
5.2GHz/160MHz: 5180(36,23) 5200(40,23) 5220(44,23) 5240(48,23) 5260(52,23) 5280(56,23) 5300(60,23) 5320(64,23) 5500(100,30) 5520(104,30) 5540(108,30) 5560(112,30) 5580(116,30) 5600(120,30) 5620(124,30) 5640(128,30) 5745(149,30) 5765(153,30) 5785(157,30) 5805(161,30) 5825(165,30) 5845(169,30) 5865(173,30) 5885(177,30)
6GHz/20MHz: 5935(2,30) 5955(1,30) 5975(5,30) 5995(9,30) 6015(13,30) 6035(17,30) 6055(21,30) 6075(25,30) 6095(29,30) 6115(33,30) 6135(37,30) 6155(41,30) 6175(45,30) 6195(49,30) 6215(53,30) 6235(57,30) 6255(61,30) 6275(65,30) 6295(69,30) 6315(73,30) 6335(77,30) 6355(81,30) 6375(85,30) 6395(89,30) 6415(93,30) 6435(97,30) 6455(101,30) 6475(105,30) 6495(109,30) 6515(113,30) 6535(117,30) 6555(121,30) 6575(125,30) 6595(129,30) 6615(133,30) 6635(137,30) 6655(141,30) 6675(145,30) 6695(149,30) 6715(153,30) 6735(157,30) 6755(161,30) 6775(165,30) 6795(169,30) 6815(173,30) 6835(177,30) 6855(181,30) 6875(185,30) 6895(189,30) 6915(193,30) 6935(197,30) 6955(201,30) 6975(205,30) 6995(209,30) 7015(213,30) 7035(217,30) 7055(221,30) 7075(225,30) 7095(229,30) 7115(233,30)
6GHz/40MHz: 5935(2,30) 5955(1,30) 5975(5,30) 5995(9,30) 6015(13,30) 6035(17,30) 6055(21,30) 6075(25,30) 6095(29,30) 6115(33,30) 6135(37,30) 6155(41,30) 6175(45,30) 6195(49,30) 6215(53,30) 6235(57,30) 6255(61,30) 6275(65,30) 6295(69,30) 6315(73,30) 6335(77,30) 6355(81,30) 6375(85,30) 6395(89,30) 6415(93,30) 6435(97,30) 6455(101,30) 6475(105,30) 6495(109,30) 6515(113,30) 6535(117,30) 6555(121,30) 6575(125,30) 6595(129,30) 6615(133,30) 6635(137,30) 6655(141,30) 6675(145,30) 6695(149,30) 6715(153,30) 6735(157,30) 6755(161,30) 6775(165,30) 6795(169,30) 6815(173,30) 6835(177,30) 6855(181,30) 6875(185,30) 6895(189,30) 6915(193,30) 6935(197,30) 6955(201,30) 6975(205,30) 6995(209,30) 7015(213,30) 7035(217,30) 7055(221,30) 7075(225,30) 7095(229,30)
6GHz/80MHz: 5935(2,30) 5955(1,30) 5975(5,30) 5995(9,30) 6015(13,30) 6035(17,30) 6055(21,30) 6075(25,30) 6095(29,30) 6115(33,30) 6135(37,30) 6155(41,30) 6175(45,30) 6195(49,30) 6215(53,30) 6235(57,30) 6255(61,30) 6275(65,30) 6295(69,30) 6315(73,30) 6335(77,30) 6355(81,30) 6375(85,30) 6395(89,30) 6415(93,30) 6435(97,30) 6455(101,30) 6475(105,30) 6495(109,30) 6515(113,30) 6535(117,30) 6555(121,30) 6575(125,30) 6595(129,30) 6615(133,30) 6635(137,30) 6655(141,30) 6675(145,30) 6695(149,30) 6715(153,30) 6735(157,30) 6755(161,30) 6775(165,30) 6795(169,30) 6815(173,30) 6835(177,30) 6855(181,30) 6875(185,30) 6895(189,30) 6915(193,30) 6935(197,30) 6955(201,30) 6975(205,30) 6995(209,30) 7015(213,30) 7035(217,30) 7055(221,30)
6GHz/160MHz: 5935(2,30) 5955(1,30) 5975(5,30) 5995(9,30) 6015(13,30) 6035(17,30) 6055(21,30) 6075(25,30) 6095(29,30) 6115(33,30) 6135(37,30) 6155(41,30) 6175(45,30) 6195(49,30) 6215(53,30) 6235(57,30) 6255(61,30) 6275(65,30) 6295(69,30) 6315(73,30) 6335(77,30) 6355(81,30) 6375(85,30) 6395(89,30) 6415(93,30) 6435(97,30) 6455(101,30) 6475(105,30) 6495(109,30) 6515(113,30) 6535(117,30) 6555(121,30) 6575(125,30) 6595(129,30) 6615(133,30) 6635(137,30) 6655(141,30) 6675(145,30) 6695(149,30) 6715(153,30) 6735(157,30) 6755(161,30) 6775(165,30) 6795(169,30) 6815(173,30) 6835(177,30) 6855(181,30) 6875(185,30) 6895(189,30) 6915(193,30) 6935(197,30) 6955(201,30) 6975(205,30) 6995(209,30) 7015(213,30) 7035(217,30) 7055(221,30)
[FR (France)ETSI]
2.4GHz/20MHz: 2412(1,20) 2417(2,20) 2422(3,20) 2427(4,20) 2432(5,20) 2437(6,20) 2442(7,20) 2447(8,20) 2452(9,20) 2457(10,20) 2462(11,20) 2467(12,20) 2472(13,20)
2.4GHz/40MHz: 2412(1,20) 2417(2,20) 2422(3,20) 2427(4,20) 2432(5,20) 2437(6,20) 2442(7,20) 2447(8,20) 2452(9,20) 2457(10,20) 2462(11,20) 2467(12,20) 2472(13,20)
5.2GHz/20MHz: 5180(36,23) 5200(40,23) 5220(44,23) 5240(48,23) 5260(52,23) 5280(56,23) 5300(60,23) 5320(64,23) 5500(100,30) 5520(104,30) 5540(108,30) 5560(112,30) 5580(116,30) 5600(120,30) 5620(124,30) 5640(128,30) 5660(132,30) 5680(136,30) 5700(140,30) 5720(144,30) 5745(149,13) 5765(153,13) 5785(157,13) 5805(161,13) 5825(165,13)
5.2GHz/40MHz: 5180(36,23) 5200(40,23) 5220(44,23) 5240(48,23) 5260(52,23) 5280(56,23) 5300(60,23) 5320(64,23) 5500(100,30) 5520(104,30) 5540(108,30) 5560(112,30) 5580(116,30) 5600(120,30) 5620(124,30) 5640(128,30) 5660(132,30) 5680(136,30) 5700(140,30) 5720(144,30) 5745(149,13) 5765(153,13) 5785(157,13) 5805(161,13) 5825(165,13)
5.2GHz/80MHz: 5180(36,23) 5200(40,23) 5220(44,23) 5240(48,23) 5260(52,23) 5280(56,23) 5300(60,23) 5320(64,23) 5500(100,30) 5520(104,30) 5540(108,30) 5560(112,30) 5580(116,30) 5600(120,30) 5620(124,30) 5640(128,30) 5660(132,30) 5680(136,30) 5700(140,30) 5720(144,30) 5745(149,13) 5765(153,13) 5785(157,13) 5805(161,13) 5825(165,13)
5.2GHz/160MHz: 5180(36,23) 5200(40,23) 5220(44,23) 5240(48,23) 5260(52,23) 5280(56,23) 5300(60,23) 5320(64,23) 5500(100,30) 5520(104,30) 5540(108,30) 5560(112,30) 5580(116,30) 5600(120,30) 5620(124,30) 5640(128,30) 5660(132,30) 5680(136,30) 5700(140,30) 5720(144,30)
6GHz/20MHz: 5935(2,23) 5955(1,23) 5975(5,23) 5995(9,23) 6015(13,23) 6035(17,23) 6055(21,23) 6075(25,23) 6095(29,23) 6115(33,23) 6135(37,23) 6155(41,23) 6175(45,23) 6195(49,23) 6215(53,23) 6235(57,23) 6255(61,23) 6275(65,23) 6295(69,23) 6315(73,23) 6335(77,23) 6355(81,23) 6375(85,23) 6395(89,23) 6415(93,23)
6GHz/40MHz: 5935(2,23) 5955(1,23) 5975(5,23) 5995(9,23) 6015(13,23) 6035(17,23) 6055(21,23) 6075(25,23) 6095(29,23) 6115(33,23) 6135(37,23) 6155(41,23) 6175(45,23) 6195(49,23) 6215(53,23) 6235(57,23) 6255(61,23) 6275(65,23) 6295(69,23) 6315(73,23) 6335(77,23) 6355(81,23) 6375(85,23) 6395(89,23) 6415(93,23)
6GHz/80MHz: 5935(2,23) 5955(1,23) 5975(5,23) 5995(9,23) 6015(13,23) 6035(17,23) 6055(21,23) 6075(25,23) 6095(29,23) 6115(33,23) 6135(37,23) 6155(41,23) 6175(45,23) 6195(49,23) 6215(53,23) 6235(57,23) 6255(61,23) 6275(65,23) 6295(69,23) 6315(73,23) 6335(77,23) 6355(81,23) 6375(85,23) 6395(89,23) 6415(93,23)
6GHz/160MHz: 5935(2,23) 5955(1,23) 5975(5,23) 5995(9,23) 6015(13,23) 6035(17,23) 6055(21,23) 6075(25,23) 6095(29,23) 6115(33,23) 6135(37,23) 6155(41,23) 6175(45,23) 6195(49,23) 6215(53,23) 6235(57,23) 6255(61,23) 6275(65,23) 6295(69,23) 6315(73,23) 6335(77,23) 6355(81,23) 6375(85,23) 6395(89,23) 6415(93,23)
